time;Lat;Lon;length;width;min_lon;max_lon;min_lat;max_lat;min_max_zeta_850_lat;min_max_zeta_850_lon;min_max_zeta_850;min_hgt_850_lat;min_hgt_850_lon;min_hgt_850;max_wind_850_lat;max_wind_850_lon;max_wind_850
2024-02-14-0900;-29.28493894165537;-41.08955223880598;5.791820120178333;7.641984880790851;-44.91054467920141;-37.26855979841055;-32.180849001744534;-26.389028881566205;-29.75;-39.5;-0.0002474499185092;-32.0;-38.0;1490.4586181640625;-29.75;-37.75;16.253414154052734
2024-02-14-1200;-28.94238663279056;-40.854782019122666;6.858182383624236;7.958878321736769;-44.83422117999105;-36.875342858254285;-32.37147782460268;-25.51329544097844;-29.5;-38.5;-0.0002150317108619;-32.25;-37.75;1503.177978515625;-30.25;-37.25;15.15384006500244
2024-02-14-1500;-28.97356438192548;-39.23242909563601;6.509619203425604;6.255997676019419;-42.36042793364572;-36.1044302576263;-32.228373983638285;-25.718754780212677;-28.75;-38.5;-0.0003839918612199;-32.0;-36.75;1506.9190673828125;-28.75;-38.0;18.147106170654297
2024-02-14-1800;-29.125688119619397;-37.57875541214377;7.173766626992695;7.5280267073380145;-41.34276876581278;-33.814742058474764;-32.71257143311574;-25.53880480612305;-28.75;-38.0;-0.0004544717149274;-32.5;-34.0;1502.4290771484375;-30.5;-34.0;17.37750244140625
2024-02-14-2100;-28.684966494712185;-38.04613008876495;8.451089527116455;9.972285641997416;-43.032272909763655;-33.05998726776624;-32.91051125827041;-24.45942173115396;-28.75;-37.5;-0.0003688027764899;-29.0;-37.75;1504.674072265625;-30.5;-33.25;15.67934799194336
2024-02-15-0000;-27.06561105106555;-38.85421815135349;10.82397959089186;9.724669163691908;-43.71655273319945;-33.991883569507536;-32.47760084651148;-21.65362125561962;-28.75;-37.25;-0.0002637737058498;-32.25;-34.0;1525.62451171875;-29.0;-42.5;11.158535957336426
2024-02-15-0300;-26.99234347741811;-38.99806163985269;9.733475479744133;8.44640434192673;-43.221263810816055;-34.77485946888933;-31.859081217290175;-22.125605737546046;-28.75;-37.0;-0.0001846071610605;-28.5;-38.25;1521.134521484375;-27.0;-35.75;11.598044395446776
2024-02-15-0600;-25.946598177941468;-41.6124248885443;9.08993991083543;11.261872455902306;-47.24336111649545;-35.98148866059314;-30.49156813335918;-21.401628222523755;-24.5;-44.75;-0.0002465109486313;-24.75;-44.5;1514.4012451171875;-23.5;-46.5;12.34500503540039
2024-02-15-0900;-26.22814498933903;-41.97441364605544;10.135685210312072;11.985849970924598;-47.967338631517734;-35.98148866059314;-31.295987594495067;-21.16030238418299;-24.25;-44.5;-0.000327774194514;-24.25;-44.5;1512.9051513671875;-25.25;-36.75;12.036190032958984
2024-02-15-1200;-25.26284163597597;-42.05485559216904;9.331265749176191;11.020546617561545;-47.565128900949816;-36.544582283388266;-29.928474510564065;-20.597208761387876;-23.75;-44.5;-0.0002803845298663;-25.5;-40.75;1523.3795166015625;-23.25;-38.0;12.332420349121094
2024-02-15-1500;-24.498643147896885;-42.17551851133941;11.503198294243068;12.548943593719711;-48.44999030819927;-35.901046714479556;-30.25024229501842;-18.74704400077535;-23.25;-44.25;-0.0003293346502994;-25.0;-41.0;1527.8695068359375;-24.75;-37.25;13.940835952758787
2024-02-15-1800;-24.74630293812069;-41.81010563749624;9.552409045974947;9.552409045974947;-46.58631016048372;-37.033901114508765;-29.522507461108162;-19.970098415133215;-21.75;-43.75;-0.0002320601693547;-25.25;-40.75;1518.142333984375;-24.5;-37.5;14.327958106994627
2024-02-15-2100;-23.855107578988186;-41.330878077146735;10.21612715642566;10.698778833107191;-46.68026749370033;-35.98148866059314;-28.963171157201018;-18.747044000775354;-21.0;-43.25;-0.0002697857950066;-25.25;-40.5;1516.646240234375;-24.25;-37.5;16.084489822387695
2024-02-16-0000;-24.48910275334533;-41.77040145320048;11.076496076104675;9.97730180901032;-46.75905235770564;-36.781750548695314;-30.027350791397666;-18.95085471529299;-20.5;-43.0;-0.0004242443400117;-25.25;-40.5;1522.6322021484375;-23.5;-38.0;15.299392700195312
2024-02-16-0300;-24.085757397103144;-41.56919729649504;8.124433199727267;7.870544662235794;-45.504469627612934;-37.63392496537715;-28.147973996966776;-20.023540797239512;-20.25;-42.75;-0.0003184166797082;-24.75;-40.5;1517.3934326171875;-22.5;-38.25;15.761731147766112
2024-02-16-0600;-24.69974801318086;-40.2851327776701;8.68773018026749;7.641984880790851;-44.10612521806553;-36.46414033727467;-29.043613103314605;-20.355882923047112;-24.25;-38.25;-0.0002275665086507;-24.75;-40.5;1503.92529296875;-23.5;-37.75;16.949825286865234
2024-02-16-0900;-24.538864120953683;-41.25043613103316;7.561542934677259;8.124636557472378;-45.312754409769354;-37.18811785229697;-28.319635588292314;-20.75809265361505;-24.25;-38.0;-0.0002649424109289;-24.5;-38.5;1505.4229736328125;-23.5;-37.75;16.86762809753418
2024-02-16-1200;-24.21709633649933;-40.526458616010856;8.205078503585963;7.963752665245202;-44.50833494863346;-36.54458228338825;-28.319635588292314;-20.114557084706348;-24.5;-38.0;-0.000303352791765;-24.5;-38.75;1518.142333984375;-23.75;-36.75;16.12609100341797
2024-02-16-1500;-24.096433417328942;-40.44601666989728;8.929056018608254;8.124636557472378;-44.508334948633475;-36.38369839116109;-28.56096142663307;-19.631905408024814;-25.0;-38.25;-0.0003559945660718;-25.0;-38.5;1511.4090576171875;-24.5;-36.5;17.332874298095703
2024-02-16-1800;-23.774665632874598;-40.40579569684048;8.768172126381078;8.205078503585966;-44.50833494863346;-36.303256445047495;-28.15875169606514;-19.390579569684057;-21.0;-39.0;-0.0003686074737485;-25.25;-38.75;1497.9407958984375;-25.0;-36.75;19.10696601867676
2024-02-16-2100;-23.37245590230665;-39.762260127931775;8.446404341926726;8.526846288040318;-44.025683271951934;-35.498836983911616;-27.595658073270016;-19.149253731343286;-25.75;-37.75;-0.0003434463039574;-25.0;-39.25;1490.4586181640625;-25.5;-37.0;19.437728881835938
2024-02-17-0000;-23.21157201007948;-40.68734250823803;8.929056018608254;8.929056018608257;-45.151870517542164;-36.2228144989339;-27.676100019383604;-18.747044000775354;-26.0;-38.5;-0.0002795315007699;-24.75;-39.25;1500.9329833984375;-26.0;-37.75;18.92776298522949
2024-02-17-0300;-24.03364999369372;-40.345951589933605;8.381544716171284;8.127558512650943;-44.40973084625908;-36.28217233360813;-28.224422351779364;-19.84287763560808;-22.75;-37.25;-0.0002236858575145;-25.0;-39.25;1488.213623046875;-24.75;-37.0;19.81015014648437
2024-02-17-0600;-23.89532855204498;-39.72203915487498;6.75712347354138;8.607288234153906;-44.025683271951934;-35.41839503779802;-27.27389028881567;-20.516766815274288;-22.75;-36.25;-0.0003102802064377;-25.0;-39.25;1474.7454833984375;-25.5;-37.75;21.19465065002441
2024-02-17-0900;-24.419913440848777;-39.920603744120925;6.940827194905161;10.326596558273543;-45.08390202325769;-34.75730546498416;-27.890327038301358;-20.949499843396197;-23.75;-36.0;-0.0003277179099002;-25.0;-39.5;1476.2415771484375;-23.75;-35.5;20.888442993164062
2024-02-17-1200;-24.33775925566971;-40.09447478466109;7.320217096336496;10.698778833107191;-45.44386420121468;-34.745085368107496;-27.997867803837956;-20.677650707501464;-25.0;-36.25;-0.000281626830416;-25.0;-39.75;1480.7314453125;-24.75;-35.5;21.88901901245117
2024-02-17-1500;-24.73996898623765;-40.04380693932933;7.963752665245199;10.698778833107191;-45.39319635588292;-34.69441752277574;-28.721845318860247;-20.75809265361505;-26.0;-36.5;-0.0003071252007762;-25.0;-39.5;1474.7454833984375;-25.25;-35.0;19.42243766784668
2024-02-17-1800;-24.900852878464825;-39.88292304710215;8.28552044969955;10.537894940880015;-45.151870517542164;-34.61397557666214;-29.0436131033146;-20.75809265361505;-26.75;-36.25;-0.0002709581902925;-25.25;-39.25;1464.2694091796875;-26.0;-34.75;17.01772117614746
2024-02-17-2100;-24.80081815369794;-40.76704367513034;8.379777254228596;10.495882621458044;-46.01498498585936;-35.51910236440132;-28.99070678081224;-20.61092952658364;-25.0;-39.0;-0.0002440404224188;-25.25;-39.25;1456.7872314453125;-26.5;-39.75;16.88177490234375
2024-02-18-0000;-25.34328358208956;-40.32535375072689;8.68773018026749;10.135685210312076;-45.39319635588293;-35.25751114557085;-29.6871486722233;-20.999418491955815;-24.75;-40.0;-0.000243581589687;-25.25;-39.25;1460.5283203125;-27.5;-39.25;18.074058532714844
2024-02-18-0300;-25.68536179538536;-40.41220810541133;7.690319647338299;9.972062839405709;-45.398239525114185;-35.42617668570848;-29.53052161905451;-21.840201971716212;-26.0;-39.0;-0.0002364291047385;-25.5;-39.5;1452.2989501953125;-25.25;-38.0;19.253604888916016
2024-02-18-0600;-26.54991277379338;-39.96336499321575;7.561542934677259;8.44640434192673;-44.18656716417911;-35.74016282225239;-30.330684241132012;-22.76914130645475;-25.75;-38.75;-0.0002251576252307;-26.0;-39.75;1442.57177734375;-25.0;-38.0;18.615123748779297
2024-02-18-0900;-26.91190153130452;-40.76778445435163;8.446404341926726;10.216127156425664;-45.87584803256446;-35.65972087613879;-31.135103702267884;-22.688699360341154;-28.5;-36.25;-0.0002371240701278;-26.25;-39.75;1446.3128662109375;-26.5;-37.5;19.156200408935547
2024-02-18-1200;-26.791238612134144;-40.44601666989728;7.722426826904435;9.411707695289785;-45.15187051754218;-35.74016282225239;-30.652452025586364;-22.930025198681925;-27.25;-39.75;-0.0002321647098367;-27.0;-39.75;1452.2989501953125;-30.0;-38.75;20.07995986938477
2024-02-18-1500;-26.71079666602056;-41.37109905020353;8.205078503585963;9.9748013180849;-46.35849970924598;-36.38369839116108;-30.81333591781354;-22.60825741422758;-27.75;-40.5;-0.0002909359413003;-27.5;-40.5;1447.8089599609375;-28.5;-38.5;20.575496673583984
2024-02-18-1800;-27.79676293855399;-41.04933126574918;7.802868773018023;9.331265749176197;-45.71496414033728;-36.38369839116108;-31.698197325063;-23.89532855204498;-27.75;-41.0;-0.0002717798755941;-28.0;-40.75;1430.5997314453125;-29.0;-38.75;21.300331115722656
2024-02-18-2100;-28.239193642178726;-41.41132002326033;9.492149641403373;10.537894940880015;-46.68026749370034;-36.14237255282032;-32.98526846288041;-23.49311882147704;-28.75;-43.25;-0.0002633643014271;-28.25;-41.0;1423.1175537109375;-29.5;-39.0;21.449932098388672
2024-02-19-0000;-28.52074045357628;-41.6124248885443;8.768172126381074;9.653033533630548;-46.43894165535957;-36.78590812172902;-32.90482651676682;-24.136654390385743;-29.0;-42.0;-0.0003156011813212;-28.75;-41.75;1411.894287109375;-30.25;-40.25;24.852584838867188
2024-02-19-0300;-28.641403372746662;-42.17551851133941;8.687730180267494;9.009497964721843;-46.680267493700335;-37.67076952897849;-32.98526846288041;-24.297538282612916;-28.75;-42.25;-0.0003058298295484;-29.0;-42.0;1404.412109375;-31.0;-40.75;25.72725486755371
2024-02-19-0600;-29.77049661289808;-42.7025048167628;8.96411212615861;9.3023805082778;-47.35369507090169;-38.0513145626239;-34.252552675977384;-25.288440549818773;-29.0;-42.75;-0.0003194368559539;-29.5;-42.5;1389.44775390625;-28.75;-40.5;23.04264640808105
2024-02-19-0900;-30.531789106415975;-43.14082186470247;8.28552044969955;8.84861407249467;-47.5651289009498;-38.71651482845513;-34.67454933126575;-26.389028881566198;-29.0;-42.25;-0.000338245876235;-29.75;-42.5;1391.691162109375;-30.0;-40.25;23.731250762939453
2024-02-19-1200;-30.974219810040715;-42.97993797247529;9.492149641403376;10.457452994766427;-48.208664469858505;-37.75121147509208;-35.7202946307424;-26.22814498933903;-29.25;-41.75;-0.0004734935811836;-30.25;-42.25;1369.9935302734375;-29.5;-41.0;29.933080673217773
2024-02-19-1500;-31.57753440589262;-42.81905408024812;8.768172126381078;9.653033533630548;-47.6455708470634;-37.99253731343285;-35.96162046908316;-27.193448342702084;-31.0;-41.5;-0.0004213192243541;-31.0;-42.0;1370.74072265625;-31.0;-40.5;29.96169662475586
2024-02-19-1800;-31.407625034162905;-42.64649575519094;9.03867152167243;10.22130144039592;-47.7571464753889;-37.53584503499298;-35.92696079499912;-26.88828927332669;-32.0;-41.5;-0.0004578321815992;-31.5;-42.0;1364.75634765625;-31.75;-40.0;28.99031639099121
2024-02-19-2100;-31.61775537894941;-42.61794921496414;9.653033533630545;8.929056018608257;-47.082477224268274;-38.15342120566001;-36.444272145764685;-26.791238612134137;-32.75;-41.75;-0.0005333281270588;-31.75;-42.0;1358.0213623046875;-32.75;-40.0;26.39527702331543
2024-02-20-0000;-31.135103702267884;-43.30170575692964;12.227175809265358;11.261872455902306;-48.932641984880796;-37.67076952897849;-37.248691606900564;-25.021515797635203;-33.25;-42.25;-0.0004671934944461;-31.75;-42.25;1360.266357421875;-33.25;-43.0;25.993654251098636
2024-02-20-0300;-31.7384182981198;-43.14082186470247;9.250823803062612;9.813917425857724;-48.04778057763133;-38.233863151773605;-36.363830199651105;-27.113006396588496;-31.75;-42.25;-0.0004423434898982;-32.0;-42.25;1359.5174560546875;-32.0;-40.0;25.59030532836914
2024-02-20-0600;-32.58305873231247;-42.81905408024812;9.492149641403376;10.457452994766427;-48.047780577631336;-37.59032758286491;-37.32913355301416;-27.836983911610787;-32.0;-42.0;-0.0004020545259956;-32.25;-42.0;1352.0352783203125;-32.25;-39.75;23.13242530822754
2024-02-20-0900;-32.535572991864655;-42.74614239761463;9.218812327174238;10.064574925997562;-47.778429860613414;-37.71385493461585;-37.14497915545177;-27.926166828277537;-32.5;-42.0;-0.0003755422895348;-32.25;-42.0;1362.5113525390625;-31.0;-42.0;22.05208396911621
2024-02-20-1200;-32.18084900174453;-42.416844349680176;8.526846288040314;9.653033533630548;-47.24336111649545;-37.5903275828649;-36.444272145764685;-27.917425857724368;-32.25;-42.0;-0.0003827486857789;-32.25;-42.0;1375.230712890625;-30.5;-41.5;20.247934341430664
2024-02-20-1500;-32.21198774682893;-42.71040041252786;8.96979588270256;9.816003041448091;-47.6184019332519;-37.80239889180382;-36.69688568818021;-27.727089805477654;-32.0;-41.75;-0.000366704545539;-32.25;-41.75;1383.461669921875;-33.25;-42.75;18.611499786376957
2024-02-20-1800;-31.7257889708054;-41.89240403838116;9.466056278030411;10.22672151465786;-47.00576479571009;-36.779043281052225;-36.45881710982061;-26.992760831790193;-32.0;-41.5;-0.0003597222806458;-32.0;-41.5;1382.712890625;-33.25;-42.75;19.07625770568848
2024-02-20-2100;-31.601111232926534;-41.85606419462261;9.724571092033507;10.147378530817576;-46.9297534600314;-36.78237492921382;-36.46339677894329;-26.73882568690978;-32.25;-41.25;-0.0003446463075906;-32.0;-41.5;1390.94384765625;-33.25;-42.25;19.698665618896484
2024-02-21-0000;-31.295987594495067;-42.17551851133941;8.526846288040321;9.653033533630548;-47.002035278154686;-37.34900174452414;-35.559410738515226;-27.032564450474908;-33.0;-41.25;-0.000358055843939;-32.25;-41.75;1410.398193359375;-33.25;-42.25;21.90906143188477
2024-02-21-0300;-31.61775537894941;-42.255960457453;7.4006590424500835;8.84861407249467;-46.680267493700335;-37.831653421205665;-35.318084900174455;-27.917425857724368;-32.0;-41.75;-0.0002976851553482;-32.25;-42.0;1415.6353759765625;-33.5;-42.75;20.542036056518555
2024-02-21-0600;-32.10040705563094;-42.49728629579376;7.078891257995732;8.526846288040318;-46.760709439813915;-38.2338631517736;-35.639852684628806;-28.56096142663307;-32.25;-42.0;-0.0003009500835678;-32.25;-42.25;1415.6353759765625;-34.0;-42.5;16.96059226989746
2024-02-21-0900;-31.7384182981198;-42.69839116107774;7.481100988563671;9.411707695289785;-47.404245008722626;-37.99253731343285;-35.47896879240164;-27.997867803837966;-32.25;-42.0;-0.0002766324913459;-32.25;-42.25;1426.1097412109375;-34.0;-42.5;15.515246391296388
2024-02-21-1200;-32.30151192091491;-42.93971699941849;6.998449311882144;8.929056018608257;-47.404245008722626;-38.47518899011436;-35.80073657685598;-28.80228726497384;-32.5;-42.25;-0.0002714282159524;-32.5;-42.5;1441.0740966796875;-33.75;-40.75;15.43891716003418
2024-02-21-1500;-32.42217484008529;-43.14082186470247;7.722426826904435;9.17038185694902;-47.72601279317698;-38.555630936227956;-36.28338825353751;-28.56096142663307;-32.75;-42.5;-0.0002485142562033;-32.75;-42.75;1444.06787109375;-34.0;-41.25;15.859336853027344
2024-02-21-1800;-32.261290947858114;-43.70391548749758;8.365962395813138;9.9748013180849;-48.69131614654003;-38.71651482845513;-36.444272145764685;-28.078309749951543;-33.0;-42.5;-0.0002390040993615;-32.75;-43.0;1439.5780029296875;-33.5;-41.5;15.228001594543455
2024-02-21-2100;-32.058943774239296;-43.71235697838232;8.284527371312194;9.298959294330018;-48.361836625547326;-39.06287733121731;-36.20120745989539;-27.9166800885832;-33.0;-43.0;-0.0002227082988059;-33.0;-43.25;1439.5780029296875;-33.5;-41.5;14.629456520080566
2024-02-22-0000;-32.50261678619888;-44.307230083349495;7.561542934677259;8.44640434192673;-48.530432254312856;-40.084027912386134;-36.28338825353751;-28.721845318860247;-33.0;-43.25;-0.0002206092286437;-33.0;-43.75;1450.80126953125;-33.5;-41.75;14.843624114990234
2024-02-22-0300;-33.14615235510759;-44.78988176003102;8.044194611358794;9.089939910835431;-49.334851715448735;-40.24491180461331;-37.168249660786984;-29.124055049428193;-33.25;-43.75;-0.0001954017036418;-33.25;-44.0;1454.5423583984375;-33.75;-42.0;14.248817443847656
2024-02-22-0600;-34.071234735413846;-45.19209149059896;6.837565419654975;7.481100988563675;-48.9326419848808;-41.45154099631712;-37.490017445241335;-30.652452025586356;-33.5;-43.75;-0.0001950875539751;-33.5;-44.25;1446.3128662109375;-34.0;-42.25;12.898576736450195
2024-02-22-0900;-33.14613600992141;-45.08291933941005;6.347897006880192;7.956030915289844;-49.06093479705497;-41.104903881765125;-36.32008451336151;-29.97218750648132;-33.75;-43.75;-0.0001753722918643;-33.75;-44.25;1459.0322265625;-31.25;-41.25;12.216402053833008
2024-02-22-1200;-33.26681527427797;-44.58877689474705;6.354913742973441;7.239775150222911;-48.208664469858505;-40.96888931963559;-36.444272145764685;-30.089358402791248;-33.5;-44.0;-0.00015638641791;-34.0;-44.25;1470.2554931640625;-35.0;-43.25;10.66681957244873
2024-02-22-1500;-33.42769916650514;-45.03683954016464;8.124636557472382;7.963752665245202;-49.01871587278724;-41.054963207542045;-37.490017445241335;-29.36538088776895;-34.0;-43.75;-0.0001543490348187;-34.25;-44.25;1473.99658203125;-35.25;-43.5;10.759594917297363
2024-02-22-1800;-33.7092459779027;-45.71496414033728;7.078891257995732;8.365962395813142;-49.89794533824385;-41.53198294243071;-37.248691606900564;-30.16980034890483;-34.25;-44.0;-0.0001496547985139;-34.5;-44.75;1468.7593994140625;-33.0;-42.0;10.627241134643556
2024-02-22-2100;-34.151676681527434;-45.71496414033728;6.033145958519096;8.205078503585966;-49.81750339213026;-41.6124248885443;-37.168249660786984;-31.135103702267884;-34.25;-44.0;-0.0001402353735217;-34.5;-45.0;1465.76708984375;-33.0;-42.25;11.056456565856934
